[[11 11 0]
 [11 17 1]
 [11 24 2]
 [12 31 3]
 [12 38 4]
 [13 46 5]
 [12 55 6]
 [12 63 7]
 [12 69 8]
 [11 76 9]
 [11 82 10]
 [11 87 11]
 [16 12 12]
 [17 17 13]
 [17 25 14]
 [17 31 15]
 [17 38 16]
 [17 46 17]
 [17 54 18]
 [17 63 19]
 [17 69 20]
 [17 74 21]
 [16 82 22]
 [16 87 23]
 [24 12 24]
 [24 18 25]
 [24 24 26]
 [25 31 27]
 [25 37 28]
 [25 45 29]
 [25 54 30]
 [25 62 31]
 [25 69 32]
 [24 74 33]
 [24 81 34]
 [23 87 35]
 [29 12 36]
 [30 18 37]
 [30 25 38]
 [30 31 39]
 [31 37 40]
 [31 45 41]
 [31 53 42]
 [31 62 43]
 [30 68 44]
 [30 74 45]
 [30 81 46]
 [29 87 47]
 [36 12 48]
 [37 18 49]
 [36 26 50]
 [37 31 51]
 [37 37 52]
 [37 45 53]
 [37 54 54]
 [37 62 55]
 [36 68 56]
 [36 74 57]
 [36 81 58]
 [36 87 59]
 [45 13 60]
 [45 18 61]
 [45 26 62]
 [45 31 63]
 [45 37 64]
 [45 45 65]
 [45 53 66]
 [45 61 67]
 [44 67 68]
 [44 73 69]
 [45 81 70]
 [44 86 71]
 [54 12 72]
 [54 18 73]
 [53 26 74]
 [53 31 75]
 [53 38 76]
 [53 45 77]
 [53 54 78]
 [53 61 79]
 [53 67 80]
 [52 73 81]
 [52 81 82]
 [53 87 83]
 [62 13 84]
 [62 18 85]
 [62 26 86]
 [61 31 87]
 [61 37 88]
 [61 45 89]
 [61 53 90]
 [61 62 91]
 [61 68 92]
 [61 74 93]
 [61 81 94]
 [61 86 95]
 [69 12 96]
 [69 18 97]
 [68 25 98]
 [68 31 99]
 [68 37 100]
 [67 46 101]
 [67 54 102]
 [67 62 103]
 [68 68 104]
 [68 73 105]
 [68 81 106]
 [69 87 107]
 [76 12 108]
 [74 18 109]
 [73 25 110]
 [73 31 111]
 [73 37 112]
 [73 45 113]
 [72 54 114]
 [73 62 115]
 [73 68 116]
 [73 73 117]
 [74 81 118]
 [74 87 119]
 [81 12 120]
 [82 17 121]
 [81 24 122]
 [81 31 123]
 [81 37 124]
 [80 45 125]
 [81 54 126]
 [81 62 127]
 [81 68 128]
 [81 74 129]
 [81 82 130]
 [81 87 131]
 [87 12 132]
 [87 17 133]
 [86 24 134]
 [86 30 135]
 [86 37 136]
 [86 45 137]
 [85 53 138]
 [85 62 139]
 [86 68 140]
 [86 74 141]
 [86 82 142]
 [87 87 143]]
